episode,length,total_reward,exploration
0,24,-10.0,1.0
1,37,11.0,0.9950248756218907
2,23,-7.0,0.990074503106359
3,9,-7.0,0.98514875930981
4,36,-10.0,0.9802475217013037
5,46,-4.0,0.9753706683595063
6,13,-11.0,0.970518077969658
7,37,11.0,0.9656896298205554
8,34,-2.0,0.9608852038015477
9,10,-8.0,0.9561046803995501
10,11,-9.0,0.9513479406960699
11,45,-11.0,0.9466148663642487
12,19,-17.0,0.9419053396659193
13,24,-2.0,0.937219243448676
14,15,-3.0,0.9325564611429613
15,14,-12.0,0.9279168767591656
16,16,-8.0,0.9233003748847419
17,20,-8.0,0.9187068406813353
18,23,-13.0,0.9141361598819259
19,13,-3.0,0.909588218787986
20,15,-9.0,0.9050629042666528
21,41,-23.0,0.9005601037479133
22,14,-4.0,0.8960797052218044
23,29,-11.0,0.8916215972356263
24,8,-6.0,0.8871856688911706
25,18,-14.0,0.8827718098419609
26,13,-7.0,0.8783799102905084
27,19,-7.0,0.8740098609855806
28,15,-1.0,0.8696615532194834
29,58,-8.0,0.8653348788253566
30,15,-1.0,0.8610297301744844
31,12,-8.0,0.8567460001736164
32,16,-8.0,0.8524835822623049
33,10,-8.0,0.8482423704102537
34,11,-9.0,0.8440222591146804
35,12,-8.0,0.839823143397692
36,51,-41.0,0.8356449188036738
37,11,-9.0,0.8314874813966904
38,16,-8.0,0.827350727757901
39,21,-19.0,0.8232345549829861
40,15,-9.0,0.8191388606795883
41,12,-6.0,0.8150635429647646
42,38,12.0,0.8110085004624524
43,10,-4.0,0.8069736323009478
44,13,-9.0,0.8029588381103959
45,21,-11.0,0.7989640180202945
46,32,-26.0,0.7949890726570096
47,11,-9.0,0.7910339031413032
48,10,-8.0,0.7870984110858739
49,40,2.0,0.7831824985929094
50,16,-10.0,0.7792860682516513
51,14,-12.0,0.7754090231359715
52,17,-9.0,0.7715512668019617
53,13,-5.0,0.7677127032855341
54,19,-3.0,0.763893237100034
55,12,-8.0,0.7600927732338647
56,17,-13.0,0.7563112171481242
57,17,-3.0,0.752548474774253
58,47,-7.0,0.7488044525116946
59,14,-8.0,0.7450790572255668
60,14,-4.0,0.7413721962443451
61,9,-7.0,0.7376837773575574
62,10,-4.0,0.73401370881349
63,12,-10.0,0.7303618993169055
64,12,-10.0,0.7267282580267718
65,20,-6.0,0.7231126945540018
66,11,-9.0,0.719515118959206
67,10,-8.0,0.7159354417504538
68,17,-5.0,0.7123735738810486
69,13,-11.0,0.7088294267473121
70,12,-6.0,0.7053029121863803
71,14,-6.0,0.7017939424740103
72,22,-8.0,0.6983024303223984
73,12,-4.0,0.6948282888780084
74,40,14.0,0.6913714317194114
75,15,-1.0,0.6879317728551358
76,16,-6.0,0.6845092267215283
77,13,-11.0,0.6811037081806252
78,11,-5.0,0.6777151325180351
79,19,-7.0,0.674343415440831
80,13,-11.0,0.6709884730754538
81,12,-6.0,0.6676502219656257
82,13,-7.0,0.6643285790702744
83,10,-8.0,0.6610234617614672
84,18,-2.0,0.6577347878223555
85,18,-10.0,0.6544624754451299
86,10,-8.0,0.651206443228985
87,11,-9.0,0.6479666101780946
88,13,-11.0,0.6447428956995968
89,38,-18.0,0.6415352196015889
90,13,-7.0,0.6383435020911333
91,11,-9.0,0.6351676637722721
92,10,-8.0,0.6320076256440519
93,16,2.0,0.6288633090985591
94,17,-1.0,0.6257346359189644
95,16,-6.0,0.6226215282775766
96,12,-6.0,0.6195239087339071
97,12,-10.0,0.6164417002327434
98,13,-7.0,0.6133748261022323
99,22,-6.0,0.6103232100519724
100,18,-4.0,0.6072867761711169
101,12,-8.0,0.6042654489264846
102,16,-8.0,0.6012591531606812
103,18,-4.0,0.5982678140902301
104,10,-8.0,0.5952913573037116
105,15,-7.0,0.5923297087599121
106,9,-7.0,0.5893827947859822
107,12,-8.0,0.5864505420756042
108,44,-14.0,0.5835328776871684
109,11,-9.0,0.5806297290419588
110,21,-7.0,0.577741023922347
111,9,-7.0,0.5748666904699972
112,11,-9.0,0.5720066571840768
113,9,-7.0,0.5691608529194795
114,13,-9.0,0.5663292068850543
115,15,-5.0,0.5635116486418451
116,15,-5.0,0.5607081081013385
117,13,-7.0,0.55791851552372
118,9,-7.0,0.5551428015161394
119,24,-10.0,0.5523808970309845
120,17,-13.0,0.5496327333641637
121,10,-8.0,0.5468982421533968
122,10,-8.0,0.5441773553765142
123,14,-8.0,0.5414700053497654
124,11,-9.0,0.5387761247261348
125,13,-5.0,0.5360956464936665
126,14,-6.0,0.5334285039737976
127,14,-12.0,0.5307746308196991
128,11,-9.0,0.5281339610146261
129,14,-4.0,0.5255064288702748
130,31,13.0,0.5228919690251491
131,8,-6.0,0.5202905164429344
132,13,-9.0,0.5177020064108802
133,13,-7.0,0.5151263745381892
134,16,0.0,0.5125635567544172
135,10,-6.0,0.5100134893078779
136,15,1.0,0.5074761087640577
137,13,-9.0,0.5049513520040375
138,18,-14.0,0.5024391562229229
139,11,-9.0,0.49993945892828157
140,11,-5.0,0.4974521979385887
141,13,-5.0,0.49497731138168033
142,12,-6.0,0.4925147376932143
143,14,-2.0,0.49006441561513864
144,13,-3.0,0.48762628419416787
145,9,-7.0,0.4852002827802666
146,9,-7.0,0.48278635102514095
147,12,-2.0,0.4803844288807373
148,10,-8.0,0.4779944565977486
149,23,-3.0,0.475616374724128
150,13,-9.0,0.47325012410361
151,16,-4.0,0.4708956458742389
152,9,-7.0,0.4685528814669044
153,14,-8.0,0.46622177260388503
154,9,-7.0,0.4639022612973981
155,10,-8.0,0.46159428984815737
156,12,-8.0,0.45929780084393773
157,11,-9.0,0.45701273715814705
158,11,-9.0,0.4547390419484051
159,10,-8.0,0.4524766586551295
160,15,-5.0,0.4502255310001289
161,17,-7.0,0.44798560298520296
162,14,-6.0,0.44575681889074925
163,12,-4.0,0.4435391232743774
164,11,-7.0,0.44133246096952977
165,11,-9.0,0.43913677708410925
166,9,-7.0,0.43695201699911373
167,11,-9.0,0.4347781263672774
168,11,-9.0,0.4326150511117189
169,13,-5.0,0.43046273742459595
170,17,-9.0,0.42832113176576714
171,12,-6.0,0.4261901808614599
172,10,-6.0,0.4240698317029452
173,12,-6.0,0.42196003154521916
174,10,-4.0,0.41986072790569073
175,12,-10.0,0.4177718685628764
176,11,-7.0,0.4156934015551009
177,15,-5.0,0.41362527517920494
178,11,-5.0,0.4115674379892587
179,11,-9.0,0.40951983879528236
180,26,8.0,0.40748242666197254
181,14,-6.0,0.4054551509074354
182,8,-6.0,0.4034379611019258
183,9,-7.0,0.4014308070665929
184,12,-8.0,0.39943363887223177
185,11,-7.0,0.3974464068380416
186,11,-7.0,0.3954690615303897
187,10,-6.0,0.3935015537615818
188,11,-7.0,0.3915438345886387
189,11,-7.0,0.3895958553120783
190,12,-2.0,0.3876575674747048
191,10,-8.0,0.38572892286040283
192,10,-8.0,0.38380987349293816
193,10,-8.0,0.38190037163476437
194,12,-6.0,0.38000036978583523
195,10,-8.0,0.37810982068242316
196,15,-5.0,0.3762286772959435
197,10,-8.0,0.37435689283178464
198,9,-7.0,0.372494420728144
199,13,-7.0,0.37064121465486966
200,13,-7.0,0.3687972285123082
201,14,-4.0,0.3669624164301574
202,11,-5.0,0.36513673276632586
203,18,2.0,0.3633201321057969
204,19,1.0,0.36151256925949943
205,18,-2.0,0.35971399926318354
206,13,-11.0,0.35792437737630206
207,11,-9.0,0.3561436590808976
208,13,-11.0,0.3543718000804952
209,9,-7.0,0.35260875629900024
210,11,-5.0,0.3508544838796023
211,12,-6.0,0.3491089391836839
212,10,-8.0,0.34737207878973525
213,11,-7.0,0.34564385949227394
214,14,-4.0,0.3439242383007701
215,12,-10.0,0.3422131724385773
216,15,-5.0,0.340510619341868
217,8,-6.0,0.33881653665857514
218,14,-4.0,0.3371308822473385
219,11,-9.0,0.33545361417645625
220,8,-6.0,0.33378469072284206
221,13,-9.0,0.3321240703709872
222,13,-7.0,0.3304717118119276
223,9,-7.0,0.3288275739422165
224,21,5.0,0.327191615862902
225,8,-6.0,0.3255637968785095
226,9,-7.0,0.3239440764960294
227,8,-6.0,0.3223324144239099
228,10,-8.0,0.3207287705710547
229,10,-8.0,0.3191331050458256
230,10,-8.0,0.31754537815505035
231,12,-10.0,0.3159655504030352
232,10,-6.0,0.3143935824905823
233,12,-6.0,0.31282943531401225
234,10,-8.0,0.31127306996419135
235,9,-7.0,0.30972444772556357
236,9,-7.0,0.3081835300751877
237,13,-5.0,0.3066502786817788
238,11,-7.0,0.30512465540475503
239,14,-6.0,0.3036066222932886
240,11,-9.0,0.30209614158536185
241,12,-6.0,0.30059317570682775
242,12,-6.0,0.2990976872704754
243,9,-7.0,0.29760963907509996
244,11,-9.0,0.2961289941045771
245,9,-7.0,0.2946557155269424
246,11,-9.0,0.2931897666934751
247,10,-8.0,0.29173111113778616
248,9,-7.0,0.29027971257491164
249,12,-8.0,0.28883553490040964
250,20,-8.0,0.28739854218946237
251,12,-6.0,0.2859686986959825
252,11,-5.0,0.28454596885172395
253,10,-8.0,0.283130317265397
254,10,-8.0,0.2817217087217881
255,13,-5.0,0.2803201081808837
256,9,-7.0,0.27892548077699875
257,11,-9.0,0.2775377918179092
258,10,-6.0,0.2761570067839893
259,10,-8.0,0.27478309132735257
260,14,-8.0,0.2734160112709976
261,12,-6.0,0.27205573260795785
262,15,-7.0,0.2707022215004556
263,13,-7.0,0.26935544427906033
264,12,-6.0,0.2680153674418511
265,11,-9.0,0.2666819576535832
266,10,-8.0,0.26535518174485895
267,10,-8.0,0.2640350067113025
268,8,-6.0,0.26272139971273883
269,13,-7.0,0.26141432807237697
270,9,-7.0,0.260113759275997
271,12,-8.0,0.25881966097114134
272,12,-8.0,0.2575320009663098
273,8,-6.0,0.256250747230159
274,28,-26.0,0.2549758678907055
275,13,-11.0,0.2537073312345328
276,12,-10.0,0.2524451057060028
277,12,-8.0,0.2511891599064705
278,10,-8.0,0.24993946259350303
279,10,-6.0,0.24869598268010254
280,10,-6.0,0.2474586892339329
281,9,-7.0,0.24622755147655018
282,14,-8.0,0.24500253878263703
283,10,-8.0,0.24378362067924086
284,10,-8.0,0.2425707668450158
285,11,-5.0,0.24136394710946849
286,8,-6.0,0.24016313145220747
287,9,-7.0,0.23896829000219652
288,10,-4.0,0.23777939303701148
289,9,-7.0,0.236596410982101
290,10,-8.0,0.23541931441005076
291,16,-2.0,0.23424807403985154
292,16,-4.0,0.2330826607361707
293,10,-4.0,0.23192304550862758
294,9,-7.0,0.23076919951107225
295,10,-8.0,0.22962109404086795
296,9,-7.0,0.2284787005381771
297,12,-6.0,0.22734199058525087
298,12,-8.0,0.22621093590572228
299,12,-6.0,0.2250855083639028
300,10,-8.0,0.2239656799640824
301,11,-7.0,0.22285142284983325
302,13,-7.0,0.2217427093033167
303,10,-8.0,0.22063951174459373
304,9,-7.0,0.21954180273093907
305,10,-8.0,0.2184495549561583
306,13,-5.0,0.2173627412499088
307,10,-8.0,0.2162813345770237
308,10,-8.0,0.21520530803683952
309,10,-8.0,0.2141346348625269
310,15,-5.0,0.2130692884204248
311,11,-9.0,0.21200924220937795
312,12,-10.0,0.21095446986007757
313,11,-7.0,0.20990494513440555
314,9,-7.0,0.20886064192478165
315,9,-7.0,0.2078215342535141
316,10,-8.0,0.20678759627215335
317,10,-4.0,0.2057588022608491
318,10,-8.0,0.20473512662771057
319,10,-8.0,0.20371654390816973
320,13,-9.0,0.202703028764348
321,10,-6.0,0.2016945559844259
322,18,4.0,0.20069110048201586
323,9,-7.0,0.19969263729553818
324,8,-6.0,0.19869914158760021
325,9,-7.0,0.19771058864437835
326,9,-7.0,0.19672695387500336
327,9,-7.0,0.19574821281094865
328,15,-3.0,0.19477434110542155
329,9,-7.0,0.1938053145327578
330,10,-8.0,0.19284110898781873
331,9,-7.0,0.1918817004853918
332,9,-7.0,0.19092706515959385
333,8,-6.0,0.18997717926327748
334,17,-7.0,0.1890320191674403
335,8,-6.0,0.18809156136063715
336,9,-7.0,0.1871557824483952
337,11,-9.0,0.18622465915263206
338,10,-4.0,0.1852981683110767
339,9,-7.0,0.18437628687669325
340,9,-7.0,0.18345899191710774
341,10,-8.0,0.18254626061403756
342,9,-7.0,0.18163807026272397
343,12,-8.0,0.18073439827136714
344,9,-7.0,0.17983522216056433
345,10,-8.0,0.1789405195627506
346,11,-9.0,0.17805026822164238
347,9,-7.0,0.177164445991684
348,10,-8.0,0.17628303083749652
349,10,-8.0,0.17540600083332988
350,9,-7.0,0.17453333416251732
351,10,-8.0,0.17366500911693267
352,16,-4.0,0.17280100409645044
353,9,-7.0,0.17194129760840843
354,11,-9.0,0.1710858682670731
355,10,-8.0,0.17023469479310757
356,11,-9.0,0.16938775601304237
357,12,-6.0,0.16854503085874864
358,12,-6.0,0.1677064983669141
359,9,-7.0,0.1668721376785215
360,10,-8.0,0.16604192803832987
361,9,-7.0,0.1652158487943581
362,9,-7.0,0.16439387939737127
363,9,-7.0,0.16357599940036943
364,9,-7.0,0.16276218845807905
365,10,-8.0,0.16195242632644682
366,9,-7.0,0.16114669286213615
367,9,-7.0,0.16034496802202602
368,10,-8.0,0.15954723186271247
369,8,-6.0,0.15875346454001243
370,10,-4.0,0.1579636463084701
371,9,-7.0,0.1571777575208658
372,10,-4.0,0.1563957786277272
373,11,-7.0,0.155617690176843
374,10,-8.0,0.1548434728127791
375,10,-8.0,0.15407310727639714
376,8,-6.0,0.15330657440437528
377,9,-7.0,0.15254385512873164
378,9,-7.0,0.15178493047634992
379,12,-4.0,0.15102978156850738
380,12,-2.0,0.15027838962040538
381,10,-8.0,0.14953073594070188
382,11,-7.0,0.14878680193104665
383,10,-8.0,0.14804656908561858
384,14,-4.0,0.1473100189906653
385,9,-7.0,0.14657713332404507
386,10,-8.0,0.14584789385477123
387,10,-8.0,0.14512228244255845
388,9,-7.0,0.1444002810373716
389,10,-8.0,0.14368187167897672
390,10,-8.0,0.14296703649649428
391,9,-7.0,0.1422557577079545
392,9,-7.0,0.14154801761985525
393,9,-7.0,0.14084379862672167
394,12,-8.0,0.14014308321066835
395,9,-7.0,0.13944585394096354
396,9,-7.0,0.13875209347359557
397,10,-8.0,0.1380617845508414
398,11,-9.0,0.1373749100008372
399,10,-8.0,0.13669145273715147
400,12,-8.0,0.1360113957583597
401,9,-7.0,0.1353347221476216
402,10,-6.0,0.13466141507226032
403,10,-6.0,0.13399145778334362
404,11,-9.0,0.13332483361526729
405,11,-5.0,0.1326615259853406
406,11,-7.0,0.13200151839337373
407,12,-8.0,0.13134479442126742
408,9,-7.0,0.1306913377326044
409,10,-8.0,0.13004113207224322
410,10,-8.0,0.12939416126591366
411,10,-8.0,0.1287504092198146
412,9,-7.0,0.12810985992021354
413,11,-5.0,0.1274724974330483
414,10,-8.0,0.12683830590353068
415,9,-7.0,0.12620726955575193
416,9,-7.0,0.1255793726922905
417,12,-8.0,0.1249545996938214
418,10,-8.0,0.12433293501872777
419,10,-8.0,0.12371436320271421
420,10,-8.0,0.12309886885842211
421,9,-7.0,0.12248643667504688
422,11,-9.0,0.12187705141795711
423,10,-8.0,0.12127069792831555
424,10,-8.0,0.12066736112270204
425,10,-8.0,0.12006702599273837
426,11,-9.0,0.11946967760471482
427,9,-7.0,0.11887530109921873
428,10,-8.0,0.11828388169076492
429,12,-8.0,0.1176954046674278
430,10,-8.0,0.11710985539047543
431,9,-7.0,0.11652721929400542
432,8,-6.0,0.11594748188458252
433,10,-8.0,0.11537062874087814
434,10,-8.0,0.11479664551331159
435,10,-8.0,0.11422551792369313
436,10,-8.0,0.1136572317648688
437,9,-7.0,0.11309177290036698
438,12,-4.0,0.11252912726404676
439,8,-6.0,0.11196928085974804
440,10,-8.0,0.11141221976094334
441,11,-9.0,0.1108579301103914
442,9,-7.0,0.11030639811979245
443,15,-3.0,0.10975761006944523
444,9,-7.0,0.10921155230790572
445,8,-6.0,0.1086682112516475
446,9,-7.0,0.10812757338472388
447,10,-8.0,0.10758962525843173
448,10,-8.0,0.10705435349097686
449,10,-8.0,0.10652174476714117
450,13,-5.0,0.10599178583795142
451,8,-6.0,0.10546446352034969
452,9,-7.0,0.10493976469686538
453,10,-8.0,0.10441767631528895
454,13,-9.0,0.10389818538834722
455,12,-8.0,0.10338127899338033
456,9,-7.0,0.10286694427202024
457,12,-6.0,0.1023551684298709
458,9,-7.0,0.10184593873618997
459,10,-8.0,0.10133924252357211
460,10,-8.0,0.10083506718763395
461,11,-5.0,0.10033340018670046
462,10,-8.0,0.09983422904149301
463,10,-8.0,0.09933754133481892
464,10,-8.0,0.09884332471126261
465,11,-9.0,0.09835156687687824
466,8,-6.0,0.09786225559888383
467,14,-2.0,0.09737537870535705
468,9,-7.0,0.0968909240849324
469,10,-8.0,0.09640887968649992
470,11,-7.0,0.0959292335189054
471,10,-8.0,0.09545197365065214
472,11,-9.0,0.09497708820960413
473,10,-8.0,0.09450456538269068
474,9,-7.0,0.09403439341561264
475,9,-7.0,0.09356656061254989
476,9,-7.0,0.09310105533587056
477,12,-4.0,0.09263786600584135
478,8,-6.0,0.09217698110033967
479,11,-5.0,0.09171838915456684
480,10,-8.0,0.09126207876076303
481,10,-8.0,0.09080803856792342
482,11,-5.0,0.09035625728151585
483,10,-8.0,0.08990672366319986
484,11,-9.0,0.08945942653054714
485,9,-7.0,0.08901435475676334
486,9,-7.0,0.08857149727041129
487,10,-8.0,0.08813084305513562
488,12,-8.0,0.08769238114938868
489,9,-7.0,0.08725610064615791
490,11,-7.0,0.08682199069269445
491,9,-7.0,0.08639004049024324
492,10,-8.0,0.08596023929377437
493,9,-7.0,0.0855325764117158
494,8,-6.0,0.08510704120568738
495,9,-7.0,0.0846836230902362
496,10,-8.0,0.08426231153257335
497,10,-8.0,0.0838430960523118
498,9,-7.0,0.08342596622120578
499,11,-9.0,0.08301091166289133
500,11,-9.0,0.0825979220526282
501,9,-7.0,0.08218698711704299
502,10,-8.0,0.08177809663387363
503,9,-7.0,0.08137124043171506
504,10,-8.0,0.08096640838976624
505,9,-7.0,0.08056359043757835
506,11,-7.0,0.08016277655480435
507,9,-7.0,0.0797639567709496
508,10,-8.0,0.079367121165124
509,9,-7.0,0.07897225986579504
510,10,-8.0,0.07857936305054233
511,9,-7.0,0.07818842094581327
512,8,-6.0,0.07779942382667988
513,9,-7.0,0.0774123620165969
514,10,-8.0,0.0770272258871611
515,9,-7.0,0.07664400585787175
516,9,-7.0,0.0762626923958923
517,10,-6.0,0.07588327601581324
518,9,-7.0,0.07550574727941617
519,10,-8.0,0.07513009679543899
520,10,-8.0,0.07475631521934228
521,10,-8.0,0.07438439325307691
522,9,-7.0,0.07401432164485265
523,9,-7.0,0.07364609118890812
524,8,-6.0,0.07327969272528172
525,9,-7.0,0.0729151171395838
526,9,-7.0,0.07255235536276997
527,9,-7.0,0.0721913983709154
528,10,-6.0,0.07183223718499046
529,10,-8.0,0.07147486287063728
530,9,-7.0,0.07111926653794755
531,9,-7.0,0.07076543934124135
532,10,-6.0,0.07041337247884713
533,9,-7.0,0.07006305719288272
534,11,-5.0,0.06971448476903754
535,9,-7.0,0.06936764653635577
536,9,-7.0,0.06902253386702067
537,10,-8.0,0.06867913817613998
538,10,-8.0,0.06833745092153233
539,9,-7.0,0.06799746360351476
540,10,-8.0,0.06765916776469132
541,10,-8.0,0.06732255498974261
542,9,-7.0,0.06698761690521654
543,10,-8.0,0.06665434517931995
544,9,-7.0,0.0663227315217114
545,8,-6.0,0.06599276768329494
546,9,-7.0,0.06566444545601488
547,9,-7.0,0.06533775667265163
548,9,-7.0,0.06501269320661854
549,8,-6.0,0.06468924697175975
550,9,-7.0,0.06436740992214901
551,9,-7.0,0.06404717405188957
552,9,-7.0,0.06372853139491501
553,9,-7.0,0.06341147402479105
554,9,-7.0,0.06309599405451846
555,9,-7.0,0.06278208363633679
556,9,-7.0,0.062469734961529154
557,8,-6.0,0.06215894026022802
558,10,-8.0,0.06184969180122192
559,10,-8.0,0.06154198189176311
560,10,-4.0,0.06123580287737623
561,9,-7.0,0.0609311471416679
562,10,-8.0,0.060628007106137215
563,10,-8.0,0.06032637522998729
564,10,-8.0,0.060026244009937606
565,12,-8.0,0.05972760598003742
566,10,-6.0,0.05943045371148003
567,9,-7.0,0.059134779812417944
568,9,-7.0,0.058840576927779054
569,10,-8.0,0.05854783773908364
570,9,-7.0,0.05825655496426233
571,9,-7.0,0.057966721357474965
572,10,-6.0,0.05767832970893032
573,14,-8.0,0.05739137284470679
574,11,-7.0,0.05710584362657392
575,9,-7.0,0.056821734951814855
576,9,-7.0,0.056539039753049615
577,10,-8.0,0.056257750998059325
578,9,-7.0,0.055977861689611275
579,9,-7.0,0.05569936486528486
580,9,-7.0,0.055422253597298375
581,8,-6.0,0.055146520992336696
582,10,-8.0,0.054872160191379804
583,8,-6.0,0.05459916436953215
584,9,-7.0,0.05432752673585289
585,10,-8.0,0.05405724053318696
586,10,-8.0,0.05378829903799698
587,9,-7.0,0.053520695560196
588,9,-7.0,0.0532544234429811
589,8,-6.0,0.05298947606266777
590,9,-7.0,0.052725846828525144
591,8,-6.0,0.05246352918261209
592,10,-8.0,0.05220251659961402
593,9,-7.0,0.051942802586680624
594,9,-7.0,0.05168438068326431
595,10,-8.0,0.05142724446095952
596,9,-7.0,0.05117138752334281
597,10,-8.0,0.05091680350581375
598,10,-8.0,0.050663486075436574
599,10,-8.0,0.05041142893078267
600,13,-3.0,0.0501606258017738
601,9,-7.0,0.049911070449526175
602,9,-7.0,0.049662756666195206
603,11,-7.0,0.04941567827482111
604,9,-7.0,0.04916982912917524
605,10,-8.0,0.04892520311360721
606,10,-6.0,0.04868179414289275
607,10,-8.0,0.04843959616208234
608,9,-7.0,0.04819860314635059
609,10,-8.0,0.047958809100846364
610,9,-7.0,0.047720208060543653
611,9,-7.0,0.04748279409009319
612,9,-7.0,0.04724656128367482
613,10,-8.0,0.04701150376485057
614,9,-7.0,0.04677761568641848
615,9,-7.0,0.04654489123026715
616,9,-7.0,0.046313324607231
617,10,-8.0,0.04608291005694627
618,9,-7.0,0.04585364184770774
619,11,-9.0,0.045625514276326114
620,9,-7.0,0.045398521667986184
621,11,-7.0,0.04517265837610566
622,10,-6.0,0.04494791878219469
623,10,-8.0,0.044724297295716114
624,10,-8.0,0.04450178835394639
625,8,-6.0,0.0442803864218372
626,11,-7.0,0.044060085991877815
627,10,-8.0,0.043840881583958026
628,9,-7.0,0.04362276774523187
629,9,-7.0,0.04340573904998196
630,10,-8.0,0.043189790099484544
631,9,-7.0,0.04297491552187517
632,9,-7.0,0.0427611099720151
633,9,-7.0,0.04254836813135831
634,9,-7.0,0.04233668470781922
635,13,-9.0,0.04212605443564102
636,11,-7.0,0.0419164720752647
637,11,-9.0,0.041707932413198714
638,10,-8.0,0.04150043026188927
639,9,-7.0,0.04129396045959132
640,9,-7.0,0.04108851787024013
641,13,-5.0,0.04088409738332351
642,10,-8.0,0.04068069391375474
643,9,-7.0,0.04047830240174602
644,10,-8.0,0.04027691781268261
645,8,-6.0,0.040076535136997625
646,10,-8.0,0.03987714939004739
647,8,-6.0,0.03967875561198746
648,9,-7.0,0.039481348867649216
649,8,-6.0,0.039284924246417136
650,9,-7.0,0.039089476862106606
651,10,-8.0,0.0388950018528424
652,9,-7.0,0.038701494380937715
653,10,-8.0,0.03850894963277385
654,10,-8.0,0.03831736281868045
655,9,-7.0,0.03812672917281637
656,9,-7.0,0.03793704395305112
657,11,-9.0,0.03774830244084689
658,9,-7.0,0.03756049994114119
659,10,-8.0,0.03737363178223004
660,12,-10.0,0.03718769331565179
661,10,-8.0,0.03700267991607144
662,9,-7.0,0.036818586981165614
663,10,-8.0,0.03663540993150808
664,10,-8.0,0.036453144210455805
665,10,-8.0,0.03627178528403563
666,8,-6.0,0.03609132864083148
667,8,-6.0,0.03591176979187212
668,9,-7.0,0.035733104270519525
669,9,-7.0,0.03555532763235774
670,10,-8.0,0.03537843545508233
671,10,-8.0,0.03520242333839038
672,8,-6.0,0.03502728690387103
673,9,-7.0,0.03485302179489655
674,9,-7.0,0.03467962367651398
675,10,-8.0,0.0345070882353373
676,9,-7.0,0.034335411179440105
677,10,-8.0,0.03416458823824886
678,8,-6.0,0.03399461516243668
679,10,-8.0,0.0338254877238176
680,12,-8.0,0.03365720171524139
681,9,-7.0,0.03348975295048895
682,8,-6.0,0.033323137264168114
683,11,-9.0,0.03315735051161007
684,10,-8.0,0.03299238856876624
685,11,-7.0,0.032828247332105716
686,9,-7.0,0.03266492271851315
687,8,-6.0,0.03250241066518722
688,9,-7.0,0.03234070712953953
689,9,-7.0,0.03217980808909406
690,10,-8.0,0.03201970954138713
691,8,-6.0,0.031860407503867795
692,11,-9.0,0.0317018980137988
693,10,-8.0,0.03154417712815801
694,10,-8.0,0.03138724092354031
695,8,-6.0,0.031231085496060015
696,10,-8.0,0.03107570696125375
697,10,-8.0,0.030921101453983833
698,10,-8.0,0.030767265128342124
699,8,-6.0,0.030614194157554356
700,10,-8.0,0.030461884733884934
701,10,-8.0,0.030310333068542226
702,10,-8.0,0.030159535391584308
703,10,-8.0,0.030009487951825186
704,10,-8.0,0.029860187016741483
705,8,-6.0,0.02971162887237959
706,8,-6.0,0.029563809823263277
707,10,-6.0,0.029416726192301772
708,9,-7.0,0.029270374320698286
709,11,-9.0,0.029124750567858994
710,9,-7.0,0.028979851311302485
711,10,-8.0,0.02883567294656964
712,11,-7.0,0.028692211887133973
713,11,-9.0,0.028549464564312413
714,10,-8.0,0.028407427427176533
715,9,-7.0,0.028266096942464215
716,10,-8.0,0.028125469594491758
717,9,-7.0,0.02798554188506643
718,9,-7.0,0.027846310333399436
719,11,-5.0,0.02770777147601934
720,10,-8.0,0.027569921866685915
721,10,-8.0,0.027432758076304395
722,9,-7.0,0.027296276692840196
723,8,-6.0,0.02716047432123403
724,10,-8.0,0.027025347583317445
725,9,-7.0,0.026890893117728805
726,10,-8.0,0.02675710757982966
727,9,-7.0,0.026623987641621553
728,9,-7.0,0.02649152999166324
729,10,-8.0,0.026359731334988302
730,9,-7.0,0.026228588393023188
731,8,-6.0,0.026098097903505663
732,8,-6.0,0.025968256620403647
733,10,-8.0,0.02583906131383448
734,10,-8.0,0.02571050876998456
735,10,-8.0,0.025582595791029415
736,8,-6.0,0.025455319195054147
737,10,-8.0,0.02532867581597428
738,9,-7.0,0.025202662503457
739,9,-7.0,0.025077276122842787
740,10,-8.0,0.024952513555067453
741,12,-10.0,0.02482837169658453
742,9,-7.0,0.024704847459288092
743,10,-8.0,0.024581937770435915
744,9,-7.0,0.024459639572573053
745,10,-8.0,0.024337949823455777
746,9,-7.0,0.0242168654959759
747,9,-7.0,0.024096383578085474
748,9,-7.0,0.023976501072721867
749,10,-8.0,0.023857214997733203
750,9,-7.0,0.023738522385804185
751,11,-9.0,0.023620420284382278
752,9,-7.0,0.023502905755604257
753,9,-7.0,0.023385975876223142
754,10,-8.0,0.023269627737535468
755,10,-8.0,0.023153858445308925
756,10,-8.0,0.023038665119710373
757,8,-6.0,0.022924044895234204
758,10,-8.0,0.02280999492063105
759,9,-7.0,0.02269651235883687
760,9,-7.0,0.02258359438690236
761,10,-8.0,0.022471238195922748
762,9,-7.0,0.02235944099096791
763,10,-8.0,0.022248199991012848
764,9,-7.0,0.022137512428868508
765,9,-7.0,0.022027375551112945
766,9,-7.0,0.021917786618022832
767,10,-8.0,0.021808742903505308
768,10,-8.0,0.02170024169503016
769,8,-6.0,0.02159228029356235
770,8,-6.0,0.02148485601349488
771,9,-7.0,0.021377966182581972
772,10,-8.0,0.021271608141872612
773,8,-6.0,0.021165779245644393
774,9,-7.0,0.021060476861337708
775,9,-7.0,0.02095569836949026
776,9,-7.0,0.0208514411636719
777,12,-6.0,0.020747702650419805
778,9,-7.0,0.020644480249173938
779,9,-7.0,0.020541771392212877
780,10,-8.0,0.02043957352458993
781,10,-8.0,0.020337884104069583
782,8,-6.0,0.020236700601064264
783,10,-8.0,0.02013602049857141
784,9,-7.0,0.02003584129211086
785,10,-8.0,0.019936160489662548
786,10,-8.0,0.019836975611604527
787,9,-7.0,0.019738284190651274
788,9,-7.0,0.019640083771792313
789,10,-8.0,0.019542371912231158
790,10,-8.0,0.01944514618132454
791,10,-4.0,0.019348404160521932
792,10,-8.0,0.019252143443305406
793,12,-6.0,0.019156361635129758
794,10,-8.0,0.019061056353362946
795,9,-7.0,0.018966225227226814
796,8,-6.0,0.018871865897738125
797,9,-7.0,0.018777976017649876
798,9,-7.0,0.018684553251392913
799,8,-6.0,0.018591595275017827
800,8,-6.0,0.018499099776137142
801,10,-8.0,0.018407064453867805
802,10,-8.0,0.01831548701877394
803,10,-6.0,0.018224365192809892
804,9,-7.0,0.018133696709263576
805,9,-7.0,0.01804347931270008
806,8,-6.0,0.017953710758905554
807,10,-6.0,0.0178643888148314
808,9,-7.0,0.01777551125853871
809,10,-8.0,0.017687075879142995
810,8,-6.0,0.0175990804767592
811,10,-8.0,0.01751152286244697
812,9,-7.0,0.01742440085815619
813,9,-7.0,0.01733771229667283
814,9,-7.0,0.017251455021565006
815,9,-7.0,0.01716562688712936
816,10,-8.0,0.01708022575833767
817,10,-8.0,0.016995249510783756
818,9,-7.0,0.016910696030630605
819,8,-6.0,0.01682656321455782
820,10,-8.0,0.016742848969709272
821,8,-6.0,0.016659551213641068
822,10,-8.0,0.016576667874269722
823,9,-7.0,0.016494196889820623
824,10,-8.0,0.01641213620877674
825,10,-8.0,0.016330483789827602
826,10,-8.0,0.01624923760181851
827,10,-8.0,0.016168395623700014
828,9,-7.0,0.016087955844477628
829,9,-7.0,0.01600791626316182
830,9,-7.0,0.01592827488871823
831,9,-7.0,0.01584902974001814
832,8,-6.0,0.0157701788457892
833,9,-7.0,0.01569172024456637
834,9,-7.0,0.015613651984643156
835,9,-7.0,0.015535972124023042
836,10,-8.0,0.015458678730371187
837,9,-7.0,0.015381769880966357
838,9,-7.0,0.015305243662653093
839,10,-8.0,0.015229098171794124
840,10,-8.0,0.01515333151422301
841,10,-8.0,0.015077941805197026
842,9,-7.0,0.015002927169350276
843,10,-8.0,0.014928285740647043
844,10,-8.0,0.014854015662335369
845,8,-6.0,0.014780115086900867
846,9,-7.0,0.014706582176020765
847,9,-7.0,0.014633415100518176
848,10,-8.0,0.014560612040316594
849,10,-8.0,0.014488171184394622
850,10,-8.0,0.014416090730740919
851,9,-7.0,0.014344368886309373
852,9,-7.0,0.014273003866974502
853,10,-8.0,0.014201993897487069
854,9,-7.0,0.014131337211429921
855,9,-7.0,0.014061032051174052
856,9,-7.0,0.01399107666783488
857,9,-7.0,0.013921469321228737
858,10,-8.0,0.01385220827982959
859,9,-7.0,0.01378329182072596
860,9,-7.0,0.013714718229578073
861,8,-6.0,0.013646485800575198
862,8,-6.0,0.013578592836393233
863,10,-8.0,0.013511037648152473
864,10,-8.0,0.013443818555375596
865,10,-8.0,0.013376933885945868
866,9,-7.0,0.01331038197606554
867,10,-8.0,0.01324416117021447
868,9,-7.0,0.013178269821108927
869,10,-8.0,0.013112706289660625
870,9,-7.0,0.013047468944935947
871,11,-7.0,0.012982556164115372
872,10,-8.0,0.012917966332453108
873,8,-6.0,0.012853697843236925
874,10,-8.0,0.012789749097748186
875,8,-6.0,0.012726118505222078
876,9,-7.0,0.012662804482808038
877,9,-7.0,0.012599805455530388
878,8,-6.0,0.012537119856249144
879,10,-8.0,0.01247474612562104
880,10,-8.0,0.012412682712060738
881,10,-8.0,0.012350928071702228
882,9,-7.0,0.012289480668360428
883,10,-8.0,0.012228338973492965
884,10,-8.0,0.012167501466162156
885,8,-6.0,0.012106966632997172
886,9,-7.0,0.012046732968156391
887,10,-8.0,0.011986798973289943
888,9,-7.0,0.011927163157502432
889,8,-6.0,0.011867824037315854
890,10,-8.0,0.011808780136632693
891,14,-4.0,0.011750029986699198
892,10,-8.0,0.011691572126068856
893,8,-6.0,0.011633405100566027
894,10,-8.0,0.01157552746324978
895,8,-6.0,0.01151793777437789
896,14,-4.0,0.011460634601371037
897,10,-8.0,0.011403616518777153
898,10,-8.0,0.011346882108235975
899,10,-8.0,0.011290429958443758
900,9,-7.0,0.011234258665118168
901,11,-7.0,0.011178366830963352
902,10,-8.0,0.011122753065635177
903,10,-8.0,0.011067415985706645
904,9,-7.0,0.01101235421463348
905,9,-7.0,0.010957566382719882
906,10,-8.0,0.010903051127084461
907,9,-7.0,0.010848807091626332
908,9,-7.0,0.010794832926991377
909,8,-6.0,0.010741127290538685
910,9,-7.0,0.01068768884630715
911,8,-6.0,0.01063451626498224
912,9,-7.0,0.010581608223862926
913,10,-8.0,0.010528963406828783
914,8,-6.0,0.010476580504307248
915,9,-7.0,0.010424458213241044
916,18,0.0,0.010372595237055766
917,10,-8.0,0.010320990285627628
918,11,-9.0,0.010269642075251372
919,10,-8.0,0.010218549328608332
920,9,-7.0,0.01016771077473466
921,9,-7.0,0.010117125148989712
922,12,-6.0,0.01006679119302459
923,9,-7.0,0.010016707654750837
924,9,-7.0,0.00996687328830929
925,9,-7.0,0.009917286854039096
926,9,-7.0,0.009867947118446862
927,12,-6.0,0.009818852854175983
928,10,-8.0,0.009770002839976104
929,10,-8.0,0.009721395860672742
930,9,-7.0,0.009673030707137058
931,10,-8.0,0.00962490617625578
932,9,-7.0,0.009577021070901274
933,9,-7.0,0.009529374199901767
934,10,-8.0,0.00948196437801171
935,10,-8.0,0.009434790425882298
936,8,-6.0,0.009387851170032139
937,10,-8.0,0.00934114544281805
938,10,-8.0,0.009294672082406022
939,9,-7.0,0.009248429932742311
940,12,-6.0,0.009202417843524689
941,10,-8.0,0.009156634670173821
942,9,-7.0,0.009111079273804798
943,9,-7.0,0.009065750521198804
944,9,-7.0,0.00902064728477493
945,10,-8.0,0.008975768442562121
946,10,-8.0,0.008931112878171266
947,9,-7.0,0.00888667948076743
948,9,-7.0,0.008842467145042221
949,9,-7.0,0.00879847477118629
950,8,-6.0,0.008754701264861981
951,10,-8.0,0.008711145537176102
952,9,-7.0,0.008667806504652839
953,10,-8.0,0.008624683089206806
954,8,-6.0,0.008581774218116227
955,10,-8.0,0.008539078823996247
956,9,-7.0,0.008496595844772385
957,9,-7.0,0.008454324223654115
958,9,-7.0,0.008412262909108573
959,10,-8.0,0.008370410854834403
960,10,-8.0,0.008328767019735726
961,11,-7.0,0.008287330367896245
962,8,-6.0,0.008246099868553479
963,11,-9.0,0.008205074496073115
964,9,-7.0,0.008164253229923498
965,8,-6.0,0.008123635054650248
966,9,-7.0,0.008083218959850993
967,9,-7.0,0.008043003940150242
968,9,-7.0,0.00800298899517437
969,8,-6.0,0.007963173129526739
970,9,-7.0,0.007923555352762925
971,10,-8.0,0.007884134679366096
972,8,-6.0,0.007844910128722484
973,20,2.0,0.007805880725097
974,8,-6.0,0.007767045497608956
975,10,-8.0,0.007728403480207917
976,10,-8.0,0.007689953711649669
977,10,-8.0,0.007651695235472308
978,9,-7.0,0.0076136270999724465
979,11,-5.0,0.007575748358181539
980,10,-8.0,0.007538058067842328
981,8,-6.0,0.007500555291385402
982,9,-7.0,0.0074632390959058735
983,11,-7.0,0.007426108553140173
984,10,-6.0,0.0073891627394429595
985,10,-8.0,0.00735240073576414
986,9,-7.0,0.00731582162762601
987,9,-7.0,0.007279424505100509
988,11,-7.0,0.0072432084627865765
989,10,-8.0,0.007207172599787639
990,9,-7.0,0.007171316019689194
991,12,-6.0,0.007135637830536512
992,9,-7.0,0.0071001371448124505
993,9,-7.0,0.007064813079415374
994,9,-7.0,0.007029664755637189
995,10,-8.0,0.006994691299141482
996,9,-7.0,0.006959891839941774
997,10,-8.0,0.006925265512379875
998,10,-6.0,0.0068908114551043545
999,9,-7.0,0.00685652881104911
